0 0.70166 0.254395 0.00878906 0.00878906 0.851185
0 0.123535 0.325684 0.00878906 0.00878906 0.851989
0 0.128906 0.0234375 0.00976562 0.00976562 0.852234
0 0.0424805 0.949707 0.00878906 0.00878906 0.852884
0 0.961914 0.709473 0.0117188 0.0107422 0.853713
0 0.54541 0.479492 0.00878906 0.00976562 0.85411
0 0.549316 0.648926 0.00878906 0.00878906 0.855513
0 0.495605 0.550293 0.00878906 0.00878906 0.858273
0 0.689941 0.672363 0.0107422 0.0107422 0.862981
0 0.172852 0.0693359 0.00976562 0.00976562 0.863252
0 0.583008 0.459473 0.0136719 0.0126953 0.866228
0 0.402832 0.483887 0.0107422 0.0107422 0.866299
0 0.481934 0.253418 0.0107422 0.0107422 0.866691
0 0.600098 0.765137 0.0107422 0.0107422 0.866774
0 0.571289 0.817871 0.0117188 0.0126953 0.868593
0 0.87207 0.421875 0.0117188 0.0117188 0.871974
0 0.200684 0.140137 0.0107422 0.0107422 0.8727
0 0.911621 0.298828 0.0107422 0.0117188 0.873791
0 0.337891 0.757812 0.0117188 0.0117188 0.875244
0 0.181152 0.608398 0.00878906 0.00976562 0.875972
0 0.63916 0.777832 0.0107422 0.0107422 0.877245
0 0.32666 0.158203 0.0126953 0.0136719 0.877512
0 0.59375 0.333496 0.0117188 0.0107422 0.879008
0 0.535156 0.34082 0.00976562 0.00976562 0.879699
0 0.277344 0.90625 0.00976562 0.00976562 0.87997
0 0.0805664 0.0761719 0.0126953 0.0117188 0.881186
0 0.959961 0.262695 0.0117188 0.0117188 0.882355
0 0.246094 0.700684 0.00976562 0.0107422 0.882481
0 0.0756836 0.961914 0.0126953 0.0136719 0.882556
0 0.0380859 0.286133 0.0117188 0.0117188 0.883336
0 0.536133 0.583984 0.0117188 0.0117188 0.884347
0 0.93457 0.280762 0.0136719 0.0126953 0.885728
0 0.11084 0.944336 0.0107422 0.0117188 0.886297
0 0.103027 0.754395 0.0107422 0.0107422 0.887078
0 0.509277 0.618652 0.0107422 0.0107422 0.888791
0 0.888184 0.585449 0.0126953 0.0126953 0.889082
0 0.603516 0.0507812 0.0136719 0.0136719 0.890764
0 0.0927734 0.154785 0.0136719 0.0126953 0.891494
0 0.606934 0.919434 0.0107422 0.0107422 0.892654
0 0.687012 0.371582 0.0107422 0.0107422 0.893824
0 0.317871 0.411621 0.0107422 0.0107422 0.897215
0 0.990234 0.946777 0.0136719 0.0146484 0.900371
0 0.408203 0.787598 0.0175781 0.0166016 0.900379
0 0.849121 0.754883 0.0107422 0.0117188 0.900469
0 0.788086 0.34082 0.0117188 0.0117188 0.902292
0 0.0375977 0.148926 0.0244141 0.0244141 0.914421
0 0.834473 0.599609 0.0224609 0.0234375 0.92861
0 0.503418 0.395508 0.0205078 0.0214844 0.932992
