0 0.978027 0.0961914 0.00878906 0.00878906 0.850416
0 0.452148 0.0634766 0.00976562 0.00976562 0.850767
0 0.0732422 0.811523 0.0078125 0.0078125 0.852756
0 0.508301 0.358398 0.0166016 0.015625 0.857437
0 0.938965 0.45752 0.00878906 0.00878906 0.858507
0 0.495605 0.338867 0.0107422 0.0117188 0.864777
0 0.877441 0.84375 0.00878906 0.00976562 0.867407
0 0.327148 0.533691 0.00976562 0.0107422 0.869171
0 0.742676 0.407715 0.0107422 0.0107422 0.869753
0 0.407227 0.412109 0.0117188 0.0117188 0.873003
0 0.255371 0.473145 0.0107422 0.0107422 0.877294
0 0.610352 0.644531 0.00976562 0.00976562 0.877633
0 0.650391 0.337402 0.00976562 0.0107422 0.878327
0 0.590332 0.376953 0.0107422 0.00976562 0.878643
0 0.912598 0.749512 0.0107422 0.0107422 0.879134
0 0.292969 0.665527 0.00976562 0.0107422 0.879182
0 0.419922 0.809082 0.0117188 0.0126953 0.879255
0 0.220215 0.396973 0.0107422 0.0107422 0.880537
0 0.536621 0.596191 0.0107422 0.0107422 0.881007
0 0.318848 0.679199 0.0107422 0.0107422 0.883882
0 0.313965 0.965332 0.0107422 0.0107422 0.885731
0 0.766602 0.492188 0.0175781 0.0195312 0.887186
0 0.68457 0.162109 0.0136719 0.0136719 0.891541
0 0.257324 0.306152 0.0126953 0.0126953 0.89216
0 0.958496 0.717773 0.0126953 0.0117188 0.892164
0 0.211426 0.25 0.0302734 0.03125 0.892198
0 0.0820312 0.677246 0.0117188 0.0107422 0.897486
0 0.729004 0.427246 0.0107422 0.0107422 0.897662
0 0.82373 0.0756836 0.0107422 0.0107422 0.898177
0 0.544434 0.15332 0.0146484 0.015625 0.90117
0 0.323242 0.318848 0.015625 0.0146484 0.902719
0 0.64502 0.181641 0.0185547 0.0175781 0.904263
0 0.31543 0.512695 0.0136719 0.0136719 0.907133
0 0.466309 0.555176 0.0166016 0.0166016 0.911383
0 0.975586 0.481934 0.015625 0.0166016 0.911798
0 0.544922 0.692383 0.0136719 0.0136719 0.914463
0 0.509766 0.129883 0.0351562 0.0351562 0.931805
