0 0.240723 0.986328 0.00878906 0.0078125 0.852866
0 0.0712891 0.87793 0.0117188 0.0117188 0.859142
0 0.0883789 0.0576172 0.00878906 0.00976562 0.859415
0 0.926758 0.398438 0.00976562 0.00976562 0.86289
0 0.763184 0.398926 0.0107422 0.0107422 0.863695
0 0.311523 0.98584 0.00976562 0.00878906 0.873936
0 0.223145 0.431641 0.0107422 0.00976562 0.875074
0 0.745605 0.0693359 0.00878906 0.00976562 0.875506
0 0.524902 0.874023 0.0107422 0.00976562 0.87663
0 0.669434 0.227539 0.0107422 0.00976562 0.878957
0 0.737793 0.466309 0.0107422 0.0107422 0.882542
0 0.161133 0.120117 0.0117188 0.0117188 0.883409
0 0.815918 0.714355 0.0107422 0.0107422 0.883992
0 0.614258 0.0200195 0.00976562 0.0107422 0.887933
0 0.382812 0.119629 0.0117188 0.0107422 0.888457
0 0.964355 0.45166 0.0107422 0.0107422 0.890698
0 0.350098 0.736328 0.0126953 0.0136719 0.891914
0 0.663086 0.808105 0.0136719 0.0126953 0.893529
0 0.321777 0.0483398 0.0126953 0.0126953 0.897384
0 0.394531 0.229492 0.0136719 0.0136719 0.899777
0 0.553223 0.179199 0.0185547 0.0185547 0.906509
0 0.0288086 0.343262 0.0146484 0.0146484 0.909293
0 0.420898 0.0957031 0.015625 0.015625 0.910206
0 0.785156 0.354492 0.0175781 0.0175781 0.914201
0 0.759766 0.713379 0.0253906 0.0263672 0.914954
0 0.533691 0.947266 0.0185547 0.0195312 0.917129
0 0.462402 0.533691 0.0166016 0.0166016 0.920754
0 0.806641 0.477539 0.0234375 0.0234375 0.92529
0 0.237793 0.11377 0.0185547 0.0185547 0.929318
0 0.405762 0.868652 0.0263672 0.0283203 0.92977
