0 0.428711 0.45752 0.0117188 0.0126953 0.853867
0 0.160156 0.00878906 0.00976562 0.00976562 0.854299
0 0.327148 0.644043 0.0078125 0.00878906 0.857066
0 0.367676 0.250488 0.0107422 0.0107422 0.864394
0 0.499023 0.246094 0.00976562 0.00976562 0.865916
0 0.160156 0.475586 0.00976562 0.00976562 0.866888
0 0.233887 0.89502 0.0107422 0.0107422 0.87189
0 0.407227 0.307617 0.0117188 0.0117188 0.874053
0 0.370117 0.0195312 0.00976562 0.00976562 0.877813
0 0.187012 0.755859 0.0107422 0.0117188 0.878327
0 0.422852 0.0292969 0.0117188 0.0117188 0.878714
0 0.0214844 0.493164 0.0117188 0.0117188 0.879878
0 0.0170898 0.647461 0.0107422 0.0117188 0.880129
0 0.0673828 0.0297852 0.0117188 0.0107422 0.882171
0 0.265137 0.856934 0.0126953 0.0126953 0.883424
0 0.155762 0.18457 0.0107422 0.0117188 0.884798
0 0.100098 0.459473 0.0126953 0.0126953 0.884845
0 0.345703 0.791992 0.0117188 0.0117188 0.885857
0 0.470703 0.297852 0.0136719 0.0136719 0.886798
0 0.286133 0.738281 0.0117188 0.0117188 0.889226
0 0.576172 0.337891 0.0136719 0.0136719 0.890689
0 0.0117188 0.42041 0.00976562 0.0107422 0.892634
0 0.456543 0.355957 0.0107422 0.0107422 0.892955
0 0.169434 0.656738 0.0107422 0.0107422 0.893476
0 0.460938 0.316406 0.0117188 0.0117188 0.897302
0 0.146973 0.489746 0.0126953 0.0126953 0.900001
0 0.217773 0.427246 0.015625 0.0166016 0.900444
0 0.0620117 0.956543 0.0126953 0.0126953 0.901613
0 0.149902 0.977051 0.0126953 0.0126953 0.902017
0 0.13623 0.898438 0.0205078 0.0195312 0.904611
0 0.09375 0.90332 0.0175781 0.0175781 0.914937
0 0.483887 0.527344 0.0205078 0.0214844 0.925091
