0 0.774414 0.615234 0.00976562 0.00976562 0.850202
0 0.924805 0.693848 0.00976562 0.0107422 0.850297
0 0.633789 0.966797 0.0136719 0.015625 0.850408
0 0.856934 0.385254 0.00878906 0.00878906 0.850496
0 0.181152 0.471191 0.00878906 0.00878906 0.85177
0 0.71875 0.588379 0.0078125 0.00878906 0.854435
0 0.971191 0.312988 0.00878906 0.00878906 0.858501
0 0.270508 0.666016 0.00976562 0.00976562 0.862474
0 0.229492 0.570312 0.00976562 0.00976562 0.862885
0 0.619141 0.279297 0.00976562 0.00976562 0.863031
0 0.492188 0.392578 0.00976562 0.00976562 0.865511
0 0.444824 0.191895 0.0107422 0.0107422 0.869598
0 0.133789 0.40918 0.00976562 0.00976562 0.869928
0 0.535645 0.353027 0.0126953 0.0126953 0.875244
0 0.39209 0.735352 0.0107422 0.00976562 0.87532
0 0.662598 0.0551758 0.0107422 0.0107422 0.875342
0 0.289551 0.232422 0.0107422 0.00976562 0.876158
0 0.983398 0.0766602 0.00976562 0.0107422 0.876894
0 0.580078 0.497559 0.00976562 0.0107422 0.877055
0 0.31543 0.235352 0.00976562 0.00976562 0.87736
0 0.601074 0.490723 0.0126953 0.0126953 0.878713
0 0.103027 0.0893555 0.0107422 0.0107422 0.878743
0 0.334961 0.0283203 0.0117188 0.0117188 0.879237
0 0.340332 0.785156 0.0107422 0.0117188 0.88197
0 0.459961 0.0766602 0.0117188 0.0126953 0.882197
0 0.702148 0.168945 0.00976562 0.00976562 0.883628
0 0.884766 0.852051 0.0117188 0.0107422 0.884103
0 0.491211 0.905273 0.0136719 0.0136719 0.885201
0 0.945801 0.272949 0.0185547 0.0185547 0.886554
0 0.759277 0.845215 0.0107422 0.0107422 0.886785
0 0.13916 0.913086 0.0185547 0.0175781 0.888217
0 0.957031 0.133301 0.0117188 0.0126953 0.891957
0 0.42041 0.254395 0.0126953 0.0126953 0.894296
0 0.541016 0.586914 0.0136719 0.0136719 0.896555
0 0.496094 0.974121 0.0117188 0.0126953 0.898822
0 0.854492 0.76416 0.015625 0.0166016 0.900722
0 0.519531 0.303711 0.015625 0.015625 0.901227
0 0.776367 0.690918 0.0136719 0.0126953 0.903722
0 0.606934 0.880371 0.0146484 0.0146484 0.909401
0 0.217773 0.846191 0.0175781 0.0166016 0.916216
0 0.435547 0.939453 0.0273438 0.0273438 0.927719
