0 0.592285 0.345703 0.0107422 0.0117188 0.850921
0 0.232422 0.769043 0.00976562 0.0107422 0.856226
0 0.944336 0.596191 0.00976562 0.0107422 0.857375
0 0.654785 0.633301 0.0107422 0.0107422 0.857831
0 0.23584 0.0996094 0.00878906 0.0078125 0.85993
0 0.246094 0.428223 0.0078125 0.00878906 0.860489
0 0.690918 0.177734 0.00878906 0.00976562 0.861414
0 0.850098 0.872559 0.00878906 0.00878906 0.863157
0 0.187988 0.524902 0.0107422 0.0107422 0.864822
0 0.624023 0.65332 0.00976562 0.00976562 0.866863
0 0.868164 0.277344 0.00976562 0.00976562 0.868059
0 0.55957 0.677246 0.00976562 0.00878906 0.869639
0 0.242676 0.0844727 0.0107422 0.0126953 0.875585
0 0.592285 0.0932617 0.0146484 0.0146484 0.876856
0 0.93457 0.825195 0.00976562 0.00976562 0.877071
0 0.221191 0.827637 0.0107422 0.0107422 0.877517
0 0.0810547 0.097168 0.00976562 0.0107422 0.877645
0 0.767578 0.0341797 0.0117188 0.0117188 0.878678
0 0.292969 0.339844 0.00976562 0.00976562 0.883234
0 0.20752 0.708008 0.0107422 0.00976562 0.884221
0 0.578125 0.676758 0.0117188 0.0117188 0.886775
0 0.832031 0.211914 0.0117188 0.0117188 0.889301
0 0.0776367 0.0595703 0.0107422 0.0117188 0.889582
0 0.449219 0.549805 0.0117188 0.0117188 0.892176
0 0.293945 0.740234 0.00976562 0.00976562 0.894178
0 0.462402 0.721191 0.0126953 0.0126953 0.894402
0 0.96582 0.225586 0.0136719 0.0136719 0.89567
0 0.687988 0.818848 0.0146484 0.0146484 0.900112
0 0.128906 0.692383 0.015625 0.0175781 0.900406
0 0.791016 0.382812 0.015625 0.015625 0.902693
0 0.98877 0.769531 0.0146484 0.0136719 0.908222
0 0.632812 0.391602 0.015625 0.015625 0.908822
0 0.649414 0.805664 0.015625 0.015625 0.910645
0 0.978516 0.566406 0.015625 0.015625 0.915372
0 0.861328 0.54248 0.0175781 0.0166016 0.918993
