0 0.80127 0.966797 0.00878906 0.0078125 0.851204
0 0.595703 0.78418 0.00976562 0.00976562 0.856212
0 0.768555 0.0595703 0.00976562 0.00976562 0.857941
0 0.477539 0.0322266 0.0078125 0.0078125 0.858125
0 0.783203 0.13623 0.00976562 0.00878906 0.864282
0 0.144531 0.783203 0.0449219 0.0429688 0.864302
0 0.735352 0.572754 0.00976562 0.0107422 0.866081
0 0.871094 0.742188 0.00976562 0.00976562 0.868337
0 0.463379 0.851562 0.0146484 0.0136719 0.868381
0 0.812988 0.760254 0.0107422 0.0107422 0.868958
0 0.320312 0.439453 0.00976562 0.00976562 0.869998
0 0.0546875 0.641113 0.0371094 0.0380859 0.874087
0 0.534668 0.525879 0.0107422 0.0107422 0.876028
0 0.209473 0.492676 0.0107422 0.0107422 0.877414
0 0.816406 0.898438 0.00976562 0.00976562 0.878397
0 0.298828 0.533691 0.00976562 0.0107422 0.879304
0 0.134766 0.736816 0.0136719 0.0146484 0.879707
0 0.763672 0.100098 0.0117188 0.0107422 0.882557
0 0.689941 0.612793 0.0107422 0.0107422 0.882697
0 0.865234 0.189941 0.0117188 0.0107422 0.88385
0 0.467773 0.0693359 0.0117188 0.0117188 0.884013
0 0.69043 0.825195 0.00976562 0.00976562 0.885835
0 0.37207 0.393066 0.0117188 0.0107422 0.888101
0 0.0249023 0.27002 0.0107422 0.0107422 0.888164
0 0.635254 0.14209 0.0107422 0.0107422 0.888758
0 0.801758 0.54541 0.00976562 0.0107422 0.89044
0 0.816406 0.261719 0.00976562 0.00976562 0.8927
0 0.87793 0.612305 0.015625 0.015625 0.898575
0 0.348633 0.740234 0.0117188 0.0117188 0.899675
0 0.0249023 0.951172 0.0166016 0.0175781 0.903187
0 0.015625 0.0429688 0.0136719 0.0136719 0.906982
0 0.609863 0.688477 0.0166016 0.015625 0.908093
0 0.711426 0.53418 0.0146484 0.0136719 0.911077
0 0.718262 0.653809 0.0224609 0.0224609 0.922009
0 0.599121 0.95166 0.0185547 0.0185547 0.923717
