0 0.205078 0.635742 0.00976562 0.00976562 0.858545
0 0.242676 0.308105 0.0107422 0.0107422 0.8619
0 0.585449 0.0600586 0.0107422 0.0107422 0.862987
0 0.209473 0.251465 0.0107422 0.0107422 0.863443
0 0.13623 0.777344 0.00878906 0.00976562 0.864131
0 0.117676 0.111816 0.0107422 0.0107422 0.868526
0 0.353027 0.532715 0.0107422 0.0107422 0.871321
0 0.408203 0.818359 0.0117188 0.0117188 0.878182
0 0.490234 0.645508 0.00976562 0.00976562 0.881053
0 0.169434 0.781738 0.0126953 0.0126953 0.882505
0 0.5625 0.338867 0.00976562 0.00976562 0.883067
0 0.112793 0.789551 0.0107422 0.0107422 0.884091
0 0.569336 0.302734 0.0136719 0.0136719 0.885329
0 0.211426 0.767578 0.0107422 0.0117188 0.885478
0 0.509277 0.904297 0.0126953 0.0117188 0.885556
0 0.512695 0.65625 0.00976562 0.00976562 0.885882
0 0.230469 0.356445 0.0117188 0.0117188 0.886306
0 0.55127 0.405273 0.0107422 0.0117188 0.888841
0 0.411133 0.472168 0.0214844 0.0205078 0.888858
0 0.184082 0.220215 0.0107422 0.0107422 0.888859
0 0.190918 0.644531 0.0107422 0.00976562 0.888963
0 0.0908203 0.98584 0.0117188 0.0107422 0.889972
0 0.0429688 0.193359 0.0136719 0.0136719 0.894964
0 0.0957031 0.161621 0.015625 0.0146484 0.909632
0 0.321777 0.822754 0.0224609 0.0224609 0.924254
0 0.48291 0.480957 0.0166016 0.0146484 0.928568
