0 0.294922 0.279297 0.00976562 0.00976562 0.850946
0 0.0786133 0.928711 0.0126953 0.0136719 0.852872
0 0.0444336 0.916504 0.00878906 0.00878906 0.853317
0 0.900391 0.37207 0.0117188 0.0117188 0.853968
0 0.191895 0.733887 0.0107422 0.0107422 0.856837
0 0.253906 0.711426 0.00976562 0.00878906 0.858767
0 0.207031 0.0805664 0.0117188 0.0107422 0.8589
0 0.566895 0.605957 0.00878906 0.00878906 0.860534
0 0.601562 0.411133 0.0136719 0.0136719 0.861962
0 0.695801 0.623535 0.0107422 0.0107422 0.862231
0 0.416016 0.436035 0.00976562 0.0107422 0.864645
0 0.76709 0.708496 0.00878906 0.00878906 0.865678
0 0.253906 0.65918 0.00976562 0.00976562 0.866307
0 0.327637 0.36084 0.0107422 0.0107422 0.867733
0 0.940918 0.244141 0.0107422 0.0117188 0.868281
0 0.0830078 0.0151367 0.0117188 0.0126953 0.871356
0 0.444336 0.299805 0.00976562 0.00976562 0.873064
0 0.991211 0.20752 0.0136719 0.0146484 0.874881
0 0.511719 0.503906 0.00976562 0.00976562 0.875485
0 0.272461 0.662598 0.0136719 0.0126953 0.876123
0 0.626465 0.885254 0.0107422 0.0107422 0.87625
0 0.660156 0.738281 0.00976562 0.0117188 0.876965
0 0.337402 0.0996094 0.0126953 0.0136719 0.879016
0 0.49707 0.198242 0.0117188 0.0117188 0.879958
0 0.812988 0.287598 0.0126953 0.0126953 0.881618
0 0.589355 0.779785 0.0126953 0.0126953 0.883532
0 0.0390625 0.231445 0.0117188 0.0117188 0.883838
0 0.708984 0.320312 0.0117188 0.0117188 0.886377
0 0.106445 0.714844 0.0117188 0.0117188 0.886643
0 0.711914 0.629883 0.0117188 0.0117188 0.88758
0 0.524902 0.57373 0.0107422 0.0107422 0.887782
0 0.964355 0.225586 0.0126953 0.0136719 0.88791
0 0.420898 0.748047 0.0175781 0.0175781 0.888514
0 0.286133 0.871582 0.00976562 0.0107422 0.889396
0 0.526855 0.965332 0.0126953 0.0126953 0.891005
0 0.620117 0.726074 0.00976562 0.0107422 0.891436
0 0.349121 0.718262 0.0126953 0.0126953 0.891918
0 0.876465 0.715332 0.0107422 0.0107422 0.892275
0 0.661621 0.347168 0.0146484 0.0146484 0.893211
0 0.0961914 0.0957031 0.0126953 0.0136719 0.893733
0 0.55127 0.287598 0.0107422 0.0107422 0.893957
0 0.612305 0.280273 0.0117188 0.0117188 0.894372
0 0.114258 0.910156 0.0117188 0.0117188 0.89449
0 0.916992 0.540039 0.0136719 0.0136719 0.897598
0 0.861328 0.555664 0.0234375 0.0234375 0.926463
0 0.0390625 0.0883789 0.0253906 0.0263672 0.929346
0 0.519531 0.344238 0.0214844 0.0224609 0.930621
