0 0.725098 0.177246 0.0107422 0.0126953 0.850579
0 0.937012 0.806641 0.00878906 0.00976562 0.856638
0 0.452148 0.362305 0.0117188 0.0117188 0.861913
0 0.59375 0.0947266 0.015625 0.015625 0.86433
0 0.369141 0.486816 0.00976562 0.0107422 0.867399
0 0.79834 0.356934 0.0107422 0.0107422 0.867475
0 0.881836 0.0141602 0.00976562 0.0107422 0.869046
0 0.973633 0.45166 0.00976562 0.0107422 0.873594
0 0.543457 0.285645 0.0107422 0.0126953 0.87943
0 0.703613 0.284668 0.0107422 0.0107422 0.880682
0 0.464844 0.770508 0.0136719 0.0136719 0.88079
0 0.295898 0.424316 0.00976562 0.0107422 0.881571
0 0.116699 0.635254 0.0107422 0.0107422 0.882283
0 0.355957 0.932129 0.0107422 0.0107422 0.88337
0 0.585449 0.55127 0.0107422 0.0107422 0.883729
0 0.974121 0.709961 0.0107422 0.0117188 0.887923
0 0.78418 0.376953 0.0117188 0.0117188 0.888457
0 0.641602 0.325195 0.00976562 0.00976562 0.88902
0 0.661621 0.601074 0.0107422 0.0107422 0.889575
0 0.333496 0.623047 0.0107422 0.0117188 0.890405
0 0.259277 0.345703 0.0107422 0.0117188 0.890419
0 0.0219727 0.912598 0.0146484 0.0146484 0.891734
0 0.248535 0.193848 0.0322266 0.0341797 0.892855
0 0.297852 0.252441 0.0117188 0.0126953 0.893453
0 0.36084 0.637207 0.0107422 0.0107422 0.89484
0 0.73877 0.103516 0.0146484 0.0136719 0.901985
0 0.365723 0.26416 0.0166016 0.0166016 0.902581
0 0.356445 0.465332 0.0136719 0.0126953 0.905892
0 0.594238 0.650391 0.0146484 0.0136719 0.907688
0 0.823242 0.443359 0.0175781 0.0195312 0.910012
0 0.697754 0.123535 0.0185547 0.0185547 0.910914
0 0.513672 0.509766 0.0175781 0.0175781 0.911857
0 0.556152 0.306641 0.0166016 0.015625 0.912821
0 0.558105 0.0698242 0.0361328 0.0361328 0.935721
