0 0.185547 0.393555 0.00976562 0.00976562 0.855999
0 0.297363 0.540527 0.0107422 0.0107422 0.862202
0 0.824707 0.41748 0.0107422 0.0107422 0.863367
0 0.0991211 0.968262 0.0107422 0.0107422 0.863987
0 0.851074 0.347656 0.0107422 0.0117188 0.864547
0 0.137207 0.842285 0.0126953 0.0126953 0.866458
0 0.282715 0.0771484 0.00878906 0.00976562 0.873785
0 0.905762 0.67334 0.0107422 0.0107422 0.876792
0 0.837891 0.0732422 0.00976562 0.00976562 0.876935
0 0.185547 0.0419922 0.00976562 0.00976562 0.877095
0 0.384766 0.954102 0.00976562 0.00976562 0.877682
0 0.605469 0.838379 0.00976562 0.0107422 0.878244
0 0.0415039 0.0356445 0.0107422 0.0107422 0.879224
0 0.833008 0.0078125 0.00976562 0.00976562 0.879941
0 0.754883 0.17041 0.00976562 0.0107422 0.882113
0 0.293945 0.380859 0.00976562 0.00976562 0.885619
0 0.22998 0.0600586 0.0126953 0.0126953 0.894743
0 0.09375 0.290039 0.015625 0.015625 0.895668
0 0.471191 0.173828 0.0146484 0.0136719 0.897559
0 0.0209961 0.677246 0.0126953 0.0126953 0.898176
0 0.424805 0.696289 0.0136719 0.0136719 0.898651
0 0.458984 0.0595703 0.0117188 0.0117188 0.899116
0 0.748047 0.770508 0.0136719 0.0136719 0.899473
0 0.0385742 0.433594 0.0166016 0.015625 0.914446
0 0.498047 0.0341797 0.015625 0.015625 0.914956
0 0.309082 0.0532227 0.0185547 0.0185547 0.91761
0 0.615234 0.914062 0.0195312 0.0195312 0.917741
0 0.482422 0.833008 0.0273438 0.0273438 0.917867
0 0.847656 0.67334 0.0253906 0.0283203 0.920381
0 0.873535 0.302246 0.0185547 0.0185547 0.921609
0 0.634766 0.120605 0.0195312 0.0185547 0.92534
0 0.541016 0.486328 0.0175781 0.0175781 0.927753
0 0.896484 0.428711 0.0234375 0.0234375 0.931286
