0 0.705566 0.509766 0.0146484 0.0136719 0.850387
0 0.34375 0.817871 0.00976562 0.0107422 0.857118
0 0.686035 0.34082 0.0107422 0.00976562 0.859816
0 0.41748 0.294922 0.00878906 0.00976562 0.8662
0 0.595215 0.373047 0.0107422 0.0117188 0.867951
0 0.288574 0.716309 0.0107422 0.0107422 0.870901
0 0.118164 0.444824 0.0117188 0.0107422 0.874586
0 0.61084 0.19043 0.0107422 0.00976562 0.87648
0 0.567383 0.303711 0.0117188 0.0117188 0.879937
0 0.370117 0.355469 0.00976562 0.00976562 0.881801
0 0.391113 0.697754 0.0107422 0.0107422 0.882108
0 0.256836 0.125977 0.0117188 0.0117188 0.88217
0 0.10791 0.369629 0.0107422 0.0107422 0.882223
0 0.0200195 0.34668 0.0107422 0.00976562 0.883009
0 0.475098 0.193848 0.0107422 0.0107422 0.883823
0 0.159668 0.92334 0.0126953 0.0146484 0.886785
0 0.452637 0.75293 0.0126953 0.0117188 0.88716
0 0.0585938 0.402344 0.0117188 0.0117188 0.888496
0 0.26123 0.427246 0.0107422 0.0107422 0.888939
0 0.571289 0.263184 0.0117188 0.0126953 0.889013
0 0.516113 0.253418 0.0126953 0.0126953 0.891416
0 0.113281 0.604492 0.0117188 0.0117188 0.891879
0 0.581055 0.244141 0.0136719 0.0136719 0.892569
0 0.690918 0.284668 0.0146484 0.0146484 0.892756
0 0.191895 0.869141 0.0166016 0.0175781 0.893926
0 0.276855 0.966797 0.0107422 0.0117188 0.89476
0 0.270508 0.61377 0.00976562 0.0107422 0.894778
0 0.247559 0.441895 0.0126953 0.0126953 0.899653
0 0.370117 0.820801 0.0136719 0.0126953 0.900069
0 0.19873 0.410645 0.0126953 0.0126953 0.902846
0 0.321289 0.376953 0.0175781 0.0175781 0.905429
0 0.23584 0.861816 0.0185547 0.0185547 0.919264
0 0.594727 0.47998 0.0214844 0.0224609 0.929765
