0 0.434082 0.230469 0.0126953 0.0136719 0.853227
0 0.0117188 0.240234 0.00976562 0.00976562 0.853898
0 0.556152 0.155762 0.0107422 0.0107422 0.853924
0 0.95459 0.685059 0.0107422 0.0107422 0.856198
0 0.884277 0.365234 0.00878906 0.00976562 0.858223
0 0.458496 0.166504 0.0107422 0.0107422 0.860244
0 0.507812 0.373047 0.00976562 0.00976562 0.864225
0 0.236328 0.556641 0.00976562 0.00976562 0.86855
0 0.654785 0.96582 0.0146484 0.015625 0.870099
0 0.724121 0.142578 0.0107422 0.00976562 0.872269
0 0.43457 0.105957 0.00976562 0.0107422 0.873707
0 0.552734 0.332031 0.0136719 0.0136719 0.878485
0 0.278809 0.655273 0.0107422 0.0117188 0.879425
0 0.63916 0.255859 0.0107422 0.00976562 0.880421
0 0.316406 0.270508 0.00976562 0.00976562 0.881265
0 0.404785 0.727051 0.0107422 0.0107422 0.884744
0 0.598633 0.481934 0.00976562 0.0107422 0.885192
0 0.474121 0.0473633 0.0126953 0.0126953 0.885223
0 0.506348 0.902344 0.0126953 0.0136719 0.885893
0 0.351074 0.77832 0.0107422 0.0117188 0.885971
0 0.783691 0.839844 0.0107422 0.0117188 0.887469
0 0.558105 0.574219 0.0146484 0.0136719 0.888215
0 0.684082 0.0249023 0.0107422 0.0107422 0.888645
0 0.913086 0.847168 0.0117188 0.0126953 0.889272
0 0.298828 0.208008 0.00976562 0.00976562 0.890584
0 0.620605 0.474609 0.0126953 0.0117188 0.891113
0 0.512207 0.973145 0.0126953 0.0126953 0.894351
0 0.138184 0.390137 0.0107422 0.0107422 0.894876
0 0.325684 0.211426 0.0107422 0.0107422 0.895087
0 0.882324 0.755371 0.0166016 0.0166016 0.896024
0 0.800781 0.681641 0.0136719 0.0136719 0.896733
0 0.106445 0.0600586 0.0117188 0.0126953 0.898368
0 0.143555 0.910645 0.0175781 0.0166016 0.899182
0 0.975586 0.249512 0.0195312 0.0205078 0.902059
0 0.987793 0.105957 0.0126953 0.0126953 0.907023
0 0.449707 0.9375 0.0283203 0.0332031 0.91143
0 0.626953 0.875977 0.015625 0.015625 0.912743
0 0.536133 0.280762 0.015625 0.0166016 0.913727
0 0.224609 0.841797 0.0175781 0.0175781 0.914509
