0 0.609375 0.66748 0.00976562 0.00878906 0.852186
0 0.745117 0.151855 0.00976562 0.00878906 0.85643
0 0.61084 0.746582 0.00878906 0.00878906 0.85763
0 0.724609 0.0107422 0.0117188 0.0136719 0.858021
0 0.428223 0.564453 0.00878906 0.00976562 0.858685
0 0.94043 0.728027 0.00976562 0.0107422 0.859236
0 0.272461 0.761719 0.00976562 0.0117188 0.859984
0 0.824219 0.00488281 0.0117188 0.00976562 0.86175
0 0.628906 0.666992 0.0117188 0.0117188 0.862087
0 0.890137 0.187012 0.0126953 0.0126953 0.864372
0 0.90918 0.868164 0.00976562 0.00976562 0.864933
0 0.675781 0.641602 0.00976562 0.00976562 0.865623
0 0.556641 0.499512 0.00976562 0.00878906 0.865887
0 0.643555 0.324707 0.0117188 0.0126953 0.866058
0 0.260254 0.821777 0.0107422 0.0107422 0.866413
0 0.710449 0.107422 0.0107422 0.00976562 0.867398
0 0.312988 0.919922 0.0126953 0.0117188 0.873109
0 0.334961 0.732422 0.00976562 0.00976562 0.873657
0 0.283203 0.0546875 0.0117188 0.0117188 0.874019
0 0.620605 0.00537109 0.00878906 0.00878906 0.874173
0 0.927734 0.254395 0.00976562 0.0107422 0.877363
0 0.226074 0.509277 0.0107422 0.0107422 0.878326
0 0.0151367 0.0478516 0.0107422 0.0117188 0.87945
0 0.333984 0.318848 0.00976562 0.0107422 0.882622
0 0.741699 0.812988 0.0146484 0.0146484 0.884596
0 0.708008 0.621582 0.0117188 0.0107422 0.892022
0 0.112305 0.0292969 0.0117188 0.0117188 0.895143
0 0.165039 0.682617 0.015625 0.0175781 0.897321
0 0.509277 0.713379 0.0126953 0.0126953 0.900807
0 0.115234 0.0688477 0.00976562 0.0107422 0.90086
0 0.495117 0.536133 0.0117188 0.0117188 0.903077
0 0.701172 0.798828 0.015625 0.015625 0.903266
0 0.644043 0.0644531 0.0146484 0.015625 0.907785
0 0.848145 0.362793 0.0146484 0.0146484 0.910781
0 0.92041 0.528809 0.0185547 0.0185547 0.91165
0 0.685059 0.373047 0.0166016 0.015625 0.911973
