0 0.678711 0.777344 0.00976562 0.00976562 0.850098
0 0.851074 0.0717773 0.0107422 0.0107422 0.851264
0 0.944824 0.494629 0.00878906 0.00878906 0.851729
0 0.0615234 0.325195 0.0078125 0.0078125 0.858408
0 0.212891 0.774414 0.0390625 0.0449219 0.859326
0 0.731934 0.43457 0.0126953 0.0117188 0.861357
0 0.362305 0.466797 0.0136719 0.015625 0.864382
0 0.279785 0.476074 0.0107422 0.0107422 0.865359
0 0.962891 0.733887 0.00976562 0.0107422 0.870818
0 0.00976562 0.959961 0.00976562 0.00976562 0.870882
0 0.615723 0.510254 0.0107422 0.0107422 0.876946
0 0.90625 0.895508 0.00976562 0.00976562 0.877754
0 0.902832 0.75293 0.0107422 0.0117188 0.881938
0 0.822754 0.559082 0.0107422 0.0107422 0.882789
0 0.0517578 0.762207 0.0136719 0.0126953 0.883438
0 0.202637 0.728516 0.0146484 0.015625 0.885492
0 0.719238 0.114258 0.0107422 0.0117188 0.885714
0 0.00585938 0.583008 0.0117188 0.0117188 0.886613
0 0.87207 0.108398 0.00976562 0.00976562 0.886645
0 0.37207 0.518555 0.0117188 0.0117188 0.887632
0 0.775879 0.600098 0.0107422 0.0107422 0.888329
0 0.90625 0.238281 0.00976562 0.00976562 0.888988
0 0.776367 0.819336 0.00976562 0.00976562 0.891295
0 0.423828 0.731445 0.0117188 0.0117188 0.891834
0 0.957031 0.164062 0.0117188 0.0117188 0.894279
0 0.090332 0.24707 0.0107422 0.0117188 0.894705
0 0.39502 0.421387 0.0107422 0.0107422 0.895963
0 0.447266 0.373047 0.0117188 0.0117188 0.896017
0 0.541992 0.845703 0.015625 0.015625 0.898385
0 0.0800781 0.0126953 0.0136719 0.0136719 0.903777
0 0.969727 0.599609 0.015625 0.015625 0.905497
0 0.0288086 0.200195 0.0146484 0.0136719 0.906143
0 0.692871 0.678223 0.0166016 0.0166016 0.907393
0 0.0415039 0.553223 0.0166016 0.0166016 0.907559
0 0.0893555 0.950195 0.0166016 0.0175781 0.909696
0 0.79834 0.52002 0.0146484 0.0146484 0.912059
0 0.805176 0.643066 0.0224609 0.0224609 0.927305
0 0.682129 0.951172 0.0185547 0.0195312 0.927365
0 0.0620117 0.871582 0.0244141 0.0244141 0.930189
0 0.119629 0.629883 0.0361328 0.0351562 0.937433
