0 0.209473 0.0444336 0.00878906 0.00878906 0.852794
0 0.662109 0.673828 0.00976562 0.00976562 0.853079
0 0.0927734 0.677246 0.0078125 0.00878906 0.85426
0 0.460449 0.518066 0.0107422 0.0107422 0.855875
0 0.601562 0.634766 0.00976562 0.00976562 0.862832
0 0.21582 0.272461 0.00976562 0.00976562 0.864797
0 0.51709 0.8125 0.0126953 0.0117188 0.865572
0 0.52002 0.455078 0.0224609 0.0214844 0.865887
0 0.270996 0.774414 0.0126953 0.0117188 0.868165
0 0.574707 0.309082 0.0126953 0.0107422 0.871772
0 0.0957031 0.749512 0.0117188 0.0107422 0.874193
0 0.625 0.644531 0.00976562 0.00976562 0.87786
0 0.664551 0.38623 0.0107422 0.0107422 0.878254
0 0.212402 0.782715 0.0107422 0.0107422 0.879432
0 0.700195 0.03125 0.0117188 0.0117188 0.880325
0 0.34668 0.286133 0.0117188 0.0117188 0.880767
0 0.307617 0.624023 0.00976562 0.00976562 0.881034
0 0.333008 0.335938 0.0117188 0.0117188 0.882286
0 0.236328 0.770508 0.00976562 0.00976562 0.882375
0 0.285645 0.194824 0.0107422 0.0107422 0.882497
0 0.189941 0.984863 0.0107422 0.0107422 0.882519
0 0.292969 0.633301 0.00976562 0.0107422 0.882838
0 0.313965 0.760254 0.0107422 0.0107422 0.886663
0 0.217285 0.0834961 0.0107422 0.0107422 0.892886
0 0.676758 0.317871 0.00976562 0.0107422 0.894665
0 0.683105 0.28125 0.0126953 0.0136719 0.902347
0 0.193848 0.135254 0.0146484 0.0146484 0.902544
0 0.621094 0.900879 0.0136719 0.0126953 0.903936
0 0.140137 0.16748 0.0146484 0.0146484 0.908755
0 0.594727 0.463867 0.015625 0.015625 0.927815
0 0.427734 0.817871 0.0214844 0.0224609 0.93317
