0 0.012207 0.918945 0.00488281 0.00585938 0.501334
0 0.0288086 0.566406 0.00488281 0.00390625 0.504577
0 0.79834 0.818848 0.00488281 0.00488281 0.507334
0 0.778809 0.240723 0.00683594 0.00683594 0.508395
0 0.996094 0.27832 0.0078125 0.0117188 0.51187
0 0.520996 0.461914 0.00683594 0.00585938 0.517319
0 0.947754 0.824219 0.00488281 0.00585938 0.52108
0 0.624023 0.312012 0.00585938 0.00488281 0.523395
0 0.584961 0.528809 0.00585938 0.00488281 0.527204
0 0.257812 0.410645 0.00390625 0.00488281 0.533663
0 0.932129 0.664062 0.00488281 0.00585938 0.536052
0 0.767578 0.890137 0.00585938 0.00488281 0.542443
0 0.779785 0.237793 0.00488281 0.00488281 0.542665
0 0.434082 0.533691 0.00683594 0.00683594 0.54515
0 0.833496 0.202637 0.00488281 0.00488281 0.547067
0 0.245117 0.027832 0.00585938 0.00488281 0.55292
0 0.200195 0.671875 0.00390625 0.00390625 0.557119
0 0.975098 0.432129 0.00488281 0.00488281 0.55881
0 0.663086 0.198242 0.00390625 0.00390625 0.56034
0 0.931152 0.157227 0.00488281 0.00585938 0.561855
0 0.877441 0.765625 0.00488281 0.00585938 0.565886
0 0.175293 0.97998 0.00488281 0.00488281 0.566369
0 0.934082 0.15332 0.00683594 0.00976562 0.56882
0 0.69873 0.842285 0.00488281 0.00488281 0.571117
0 0.769043 0.888184 0.00488281 0.00488281 0.571954
0 0.313965 0.29248 0.00488281 0.00488281 0.575203
0 0.940918 0.945801 0.00488281 0.00488281 0.576768
0 0.535645 0.11377 0.00488281 0.00488281 0.579033
0 0.601562 0.981934 0.00390625 0.00488281 0.580273
0 0.027832 0.81543 0.00488281 0.00585938 0.580338
0 0.944824 0.822754 0.00488281 0.00488281 0.58088
0 0.758301 0.646973 0.00488281 0.00488281 0.586171
0 0.94873 0.841309 0.00488281 0.00488281 0.589143
0 0.00195312 0.544922 0.00390625 0.00976562 0.591434
0 0.928223 0.177734 0.00488281 0.00390625 0.594482
0 0.623535 0.831543 0.00488281 0.00488281 0.595209
0 0.775391 0.242676 0.00585938 0.00683594 0.59572
0 0.472656 0.616211 0.00390625 0.00390625 0.598353
0 0.63623 0.869629 0.00488281 0.00488281 0.601265
0 0.981445 0.614746 0.00585938 0.00683594 0.604297
0 0.884766 0.00927734 0.00585938 0.00488281 0.605482
0 0.17334 0.796875 0.00488281 0.00585938 0.607028
0 0.884277 0.124512 0.00488281 0.00488281 0.607905
0 0.86377 0.320801 0.00488281 0.00488281 0.608349
0 0.13916 0.421387 0.00488281 0.00488281 0.610262
0 0.935059 0.148438 0.00683594 0.00585938 0.612086
0 0.290527 0.310059 0.00488281 0.00488281 0.612624
0 0.608398 0.356934 0.00585938 0.00488281 0.612808
0 0.785156 0.889648 0.00585938 0.00585938 0.613241
0 0.912109 0.0141602 0.00585938 0.00488281 0.614155
0 0.633301 0.594238 0.00488281 0.00488281 0.621341
0 0.180176 0.76416 0.00488281 0.00488281 0.621394
0 0.646484 0.265625 0.00585938 0.00585938 0.622044
0 0.894531 0.224121 0.00585938 0.00488281 0.625612
0 0.758789 0.555176 0.00390625 0.00488281 0.626375
0 0.785645 0.327637 0.00488281 0.00488281 0.626441
0 0.524414 0.725586 0.00585938 0.00585938 0.62808
0 0.572754 0.0341797 0.00488281 0.00585938 0.631142
0 0.312012 0.214844 0.00488281 0.00585938 0.632429
0 0.802734 0.817871 0.00390625 0.00488281 0.638685
0 0.757324 0.894043 0.00488281 0.00488281 0.64623
0 0.401367 0.76123 0.00585938 0.00488281 0.648355
0 0.994141 0.529785 0.00585938 0.00683594 0.651602
0 0.591797 0.567383 0.00390625 0.00390625 0.652274
0 0.361328 0.719238 0.00585938 0.00488281 0.66049
0 0.773926 0.520508 0.00488281 0.00585938 0.660924
0 0.904297 0.15332 0.00585938 0.00585938 0.661761
0 0.0366211 0.52002 0.00683594 0.00683594 0.663944
0 0.135742 0.638184 0.00390625 0.00488281 0.665627
0 0.356934 0.492676 0.00488281 0.00488281 0.666194
0 0.956543 0.82666 0.00488281 0.00488281 0.668907
0 0.62793 0.754395 0.00585938 0.00488281 0.669203
0 0.821777 0.65332 0.00683594 0.00585938 0.671261
0 0.125488 0.935059 0.00488281 0.00488281 0.672399
0 0.851074 0.615723 0.00488281 0.00488281 0.673527
0 0.816406 0.446777 0.0078125 0.00683594 0.677578
0 0.507324 0.0102539 0.00488281 0.00488281 0.681037
0 0.942871 0.210938 0.00488281 0.00585938 0.683159
0 0.606445 0.879395 0.00585938 0.00488281 0.687302
0 0.601074 0.771973 0.00488281 0.00488281 0.688971
0 0.814941 0.677246 0.00683594 0.00488281 0.692673
0 0.463379 0.436035 0.00488281 0.00488281 0.693819
0 0.843262 0.368652 0.00488281 0.00488281 0.694009
0 0.498535 0.891113 0.00488281 0.00488281 0.698366
0 0.168457 0.911621 0.00488281 0.00488281 0.70885
0 0.791992 0.609375 0.00585938 0.00585938 0.712593
0 0.0463867 0.588379 0.00488281 0.00488281 0.713779
0 0.0766602 0.413574 0.00488281 0.00488281 0.718515
0 0.28125 0.0595703 0.00585938 0.00585938 0.719789
0 0.682617 0.225098 0.00585938 0.00488281 0.721307
0 0.00585938 0.321289 0.00585938 0.00585938 0.722937
0 0.780762 0.00341797 0.00683594 0.00488281 0.724541
0 0.39209 0.059082 0.00683594 0.00683594 0.72668
0 0.706543 0.209961 0.00488281 0.00585938 0.726931
0 0.157715 0.374023 0.00488281 0.00585938 0.730373
0 0.350098 0.766113 0.00488281 0.00488281 0.734995
0 0.981445 0.668945 0.00585938 0.00585938 0.737648
0 0.0263672 0.168457 0.00585938 0.00488281 0.743007
0 0.259766 0.0507812 0.00585938 0.00585938 0.744493
0 0.805664 0.882324 0.00585938 0.00488281 0.747109
0 0.141602 0.871582 0.0078125 0.00878906 0.750461
0 0.54541 0.911621 0.00488281 0.00488281 0.753832
0 0.305664 0.745605 0.00585938 0.00488281 0.757777
0 0.577148 0.0673828 0.00585938 0.00585938 0.758929
0 0.567871 0.785645 0.00488281 0.00488281 0.759041
0 0.169922 0.228516 0.00585938 0.00585938 0.762491
0 0.774902 0.487793 0.00683594 0.00683594 0.763057
0 0.711914 0.246094 0.00585938 0.00585938 0.763673
0 0.54541 0.805664 0.00488281 0.00585938 0.764487
0 0.975586 0.70166 0.00585938 0.00488281 0.765328
0 0.375 0.869141 0.00585938 0.00585938 0.76619
0 0.518555 0.570312 0.00585938 0.00585938 0.767107
0 0.0839844 0.516602 0.00585938 0.00585938 0.767378
0 0.467773 0.761719 0.00585938 0.00585938 0.768546
0 0.950195 0.122559 0.00585938 0.00488281 0.770188
0 0.903809 0.907715 0.00683594 0.00683594 0.770513
0 0.756836 0.891602 0.00585938 0.00585938 0.772678
0 0.746094 0.992188 0.00585938 0.00585938 0.774706
0 0.608398 0.630371 0.00585938 0.00488281 0.775072
0 0.397949 0.114746 0.00683594 0.00683594 0.781821
0 0.213379 0.634766 0.00488281 0.00585938 0.78297
0 0.386719 0.695312 0.00585938 0.00585938 0.785985
0 0.708984 0.323242 0.00585938 0.00585938 0.788614
0 0.116699 0.605469 0.00683594 0.00585938 0.792764
0 0.113281 0.0380859 0.00585938 0.00585938 0.793784
0 0.306641 0.0678711 0.00585938 0.00488281 0.794804
0 0.788086 0.499023 0.00585938 0.00585938 0.799429
0 0.731445 0.477539 0.00585938 0.0078125 0.801836
0 0.531738 0.40332 0.00683594 0.00585938 0.802777
0 0.608398 0.948242 0.00585938 0.00585938 0.806782
0 0.0439453 0.0805664 0.0078125 0.00683594 0.8113
0 0.411133 0.0473633 0.0078125 0.00878906 0.817514
0 0.195312 0.883789 0.0078125 0.0078125 0.818129
0 0.0449219 0.908203 0.0078125 0.0078125 0.820489
0 0.638672 0.805664 0.0078125 0.0078125 0.823616
0 0.0649414 0.214355 0.00683594 0.00683594 0.824433
0 0.955078 0.951172 0.00585938 0.00585938 0.825668
0 0.268066 0.867676 0.00878906 0.00878906 0.827464
0 0.180664 0.358398 0.00585938 0.00585938 0.827909
0 0.748047 0.580078 0.0078125 0.0078125 0.830407
0 0.750488 0.229004 0.00683594 0.00683594 0.83203
0 0.873535 0.395508 0.00683594 0.00585938 0.833329
0 0.722168 0.596191 0.00683594 0.00683594 0.834122
0 0.431152 0.925293 0.00878906 0.00878906 0.834773
0 0.833496 0.427734 0.00683594 0.00585938 0.835274
0 0.905273 0.734375 0.00976562 0.00976562 0.836648
0 0.0175781 0.694824 0.0078125 0.00878906 0.839389
0 0.505371 0.843262 0.00878906 0.00878906 0.841092
0 0.361816 0.0239258 0.00683594 0.00683594 0.842495
0 0.183594 0.611816 0.0078125 0.00683594 0.844569
0 0.19043 0.782227 0.0078125 0.0078125 0.844657
0 0.80957 0.212891 0.00976562 0.00976562 0.85062
0 0.0249023 0.901367 0.00878906 0.0078125 0.851383
0 0.188965 0.240234 0.00878906 0.0078125 0.852034
0 0.0957031 0.69043 0.0078125 0.0078125 0.85454
0 0.984863 0.650879 0.00683594 0.00683594 0.856027
0 0.941895 0.739258 0.00683594 0.0078125 0.856249
0 0.432129 0.266113 0.00878906 0.00878906 0.857296
0 0.214844 0.170898 0.0078125 0.0078125 0.857495
0 0.988281 0.168945 0.0078125 0.0078125 0.858201
0 0.208496 0.520996 0.00683594 0.00683594 0.861351
0 0.375977 0.369141 0.0078125 0.0078125 0.863259
0 0.556641 0.766602 0.0078125 0.0078125 0.866217
0 0.213379 0.974609 0.00878906 0.00976562 0.868304
0 0.477539 0.0888672 0.00976562 0.00976562 0.869904
0 0.768066 0.447754 0.0107422 0.0107422 0.871239
0 0.0234375 0.0898438 0.00976562 0.00976562 0.871906
0 0.74707 0.451172 0.00976562 0.00976562 0.873501
0 0.5 0.974609 0.00976562 0.00976562 0.876046
0 0.131348 0.770508 0.00878906 0.00976562 0.878218
0 0.319336 0.0556641 0.00976562 0.00976562 0.878427
0 0.272949 0.88916 0.0244141 0.0224609 0.878537
0 0.0839844 0.245117 0.00976562 0.00976562 0.884128
0 0.592773 0.176758 0.00976562 0.00976562 0.88961
0 0.581055 0.355957 0.0136719 0.0126953 0.890353
0 0.55957 0.826172 0.0117188 0.0117188 0.89216
0 0.467773 0.473145 0.00976562 0.0107422 0.894941
0 0.941895 0.263672 0.0107422 0.0117188 0.8976
0 0.603516 0.237793 0.0117188 0.0126953 0.898116
0 0.199707 0.937012 0.0126953 0.0126953 0.898511
0 0.861328 0.910156 0.0117188 0.0117188 0.899623
0 0.403809 0.434082 0.0146484 0.0146484 0.900732
0 0.228027 0.819336 0.0166016 0.0175781 0.903355
