0 0.170898 0.0566406 0.00976562 0.00976562 0.851608
0 0.307617 0.57959 0.00976562 0.0107422 0.860234
0 0.966797 0.525391 0.00976562 0.00976562 0.861309
0 0.821777 0.0678711 0.00878906 0.00878906 0.86258
0 0.0332031 0.0844727 0.0078125 0.00683594 0.863242
0 0.391602 0.975586 0.00976562 0.00976562 0.863568
0 0.838867 0.394043 0.00976562 0.0107422 0.8642
0 0.200684 0.101562 0.0107422 0.00976562 0.864638
0 0.304688 0.426758 0.00976562 0.00976562 0.86728
0 0.691895 0.0195312 0.0107422 0.00976562 0.881716
0 0.826172 0.130371 0.00976562 0.0107422 0.883061
0 0.891602 0.70752 0.00976562 0.0107422 0.884367
0 0.462891 0.118164 0.0117188 0.0117188 0.884946
0 0.0424805 0.710449 0.0126953 0.0126953 0.887895
0 0.603516 0.865234 0.00976562 0.00976562 0.88877
0 0.5 0.09375 0.015625 0.015625 0.890282
0 0.746582 0.224609 0.0107422 0.00976562 0.891549
0 0.243164 0.118164 0.0117188 0.0117188 0.891582
0 0.739746 0.799805 0.0126953 0.0136719 0.892717
0 0.474121 0.227539 0.0146484 0.0136719 0.89809
0 0.401855 0.0473633 0.0126953 0.0126953 0.899884
0 0.111816 0.338379 0.0146484 0.0146484 0.90487
0 0.429688 0.729004 0.0136719 0.0126953 0.906004
0 0.0595703 0.477051 0.015625 0.0146484 0.90647
0 0.48584 0.860352 0.0283203 0.03125 0.914774
0 0.541016 0.527344 0.0175781 0.0175781 0.918714
0 0.631348 0.176758 0.0185547 0.0175781 0.919728
0 0.319824 0.112305 0.0185547 0.0175781 0.921408
0 0.859863 0.350586 0.0185547 0.0175781 0.924205
0 0.612305 0.938477 0.0195312 0.0195312 0.924766
0 0.835938 0.705566 0.0253906 0.0263672 0.924781
0 0.881836 0.471191 0.0234375 0.0224609 0.931387
