0 0.797363 0.740723 0.0126953 0.0126953 0.706719
0 0.32666 0.651367 0.00683594 0.0078125 0.711548
0 0.162109 0.00341797 0.00976562 0.00683594 0.733556
0 0.0961914 0.797363 0.00878906 0.00878906 0.734912
0 0.360352 0.829102 0.0078125 0.0078125 0.741573
0 0.883301 0.514648 0.00878906 0.0078125 0.748915
0 0.345215 0.175293 0.00878906 0.00878906 0.751812
0 0.791504 0.360352 0.00878906 0.00976562 0.752122
0 0.786133 0.25293 0.0078125 0.0078125 0.757329
0 0.549805 0.736816 0.0078125 0.00683594 0.761336
0 0.928223 0.0546875 0.00878906 0.0078125 0.763279
0 0.631836 0.300293 0.0078125 0.00683594 0.772583
0 0.199707 0.437988 0.00878906 0.00878906 0.779155
0 0.15918 0.664551 0.0078125 0.00683594 0.779608
0 0.833496 0.144043 0.00878906 0.00878906 0.781928
0 0.245117 0.444336 0.00976562 0.00976562 0.790642
0 0.586426 0.387695 0.00878906 0.0078125 0.791114
0 0.990723 0.15625 0.0107422 0.0117188 0.793085
0 0.258789 0.584961 0.0078125 0.0078125 0.793092
0 0.623047 0.225586 0.0078125 0.0078125 0.794916
0 0.504395 0.961426 0.00683594 0.00683594 0.795936
0 0.241211 0.0458984 0.0078125 0.0078125 0.800528
0 0.0625 0.0947266 0.00976562 0.00976562 0.808175
0 0.0229492 0.452637 0.00878906 0.00878906 0.809361
0 0.719727 0.915039 0.0078125 0.0078125 0.809572
0 0.87793 0.123535 0.00976562 0.00878906 0.815011
0 0.528809 0.802246 0.00683594 0.00683594 0.81561
0 0.117188 0.990723 0.0117188 0.0107422 0.820321
0 0.445801 0.0952148 0.00683594 0.00683594 0.821852
0 0.92334 0.618652 0.00878906 0.00878906 0.824851
0 0.666992 0.391602 0.0078125 0.0078125 0.82579
0 0.322266 0.976562 0.0078125 0.0078125 0.829622
0 0.17627 0.210449 0.00878906 0.00878906 0.829913
0 0.260254 0.615234 0.00878906 0.0078125 0.833912
0 0.293457 0.135254 0.00878906 0.00878906 0.834597
0 0.813477 0.460938 0.00976562 0.00976562 0.836217
0 0.195801 0.81543 0.00683594 0.0078125 0.836555
0 0.975586 0.708984 0.0117188 0.0117188 0.84389
0 0.154297 0.869629 0.0117188 0.0107422 0.847044
0 0.918457 0.310547 0.00878906 0.0078125 0.849912
0 0.170898 0.0566406 0.00976562 0.00976562 0.851608
0 0.307617 0.57959 0.00976562 0.0107422 0.860234
0 0.966797 0.525391 0.00976562 0.00976562 0.861309
0 0.821777 0.0678711 0.00878906 0.00878906 0.86258
0 0.0332031 0.0844727 0.0078125 0.00683594 0.863242
0 0.391602 0.975586 0.00976562 0.00976562 0.863568
0 0.838867 0.394043 0.00976562 0.0107422 0.8642
0 0.200684 0.101562 0.0107422 0.00976562 0.864638
0 0.304688 0.426758 0.00976562 0.00976562 0.86728
0 0.691895 0.0195312 0.0107422 0.00976562 0.881716
0 0.826172 0.130371 0.00976562 0.0107422 0.883061
0 0.891602 0.70752 0.00976562 0.0107422 0.884367
0 0.462891 0.118164 0.0117188 0.0117188 0.884946
0 0.0424805 0.710449 0.0126953 0.0126953 0.887895
0 0.603516 0.865234 0.00976562 0.00976562 0.88877
0 0.5 0.09375 0.015625 0.015625 0.890282
0 0.746582 0.224609 0.0107422 0.00976562 0.891549
0 0.243164 0.118164 0.0117188 0.0117188 0.891582
0 0.739746 0.799805 0.0126953 0.0136719 0.892717
0 0.474121 0.227539 0.0146484 0.0136719 0.89809
0 0.401855 0.0473633 0.0126953 0.0126953 0.899884
0 0.111816 0.338379 0.0146484 0.0146484 0.90487
0 0.429688 0.729004 0.0136719 0.0126953 0.906004
0 0.0595703 0.477051 0.015625 0.0146484 0.90647
0 0.48584 0.860352 0.0283203 0.03125 0.914774
0 0.541016 0.527344 0.0175781 0.0175781 0.918714
0 0.631348 0.176758 0.0185547 0.0175781 0.919728
0 0.319824 0.112305 0.0185547 0.0175781 0.921408
0 0.859863 0.350586 0.0185547 0.0175781 0.924205
0 0.612305 0.938477 0.0195312 0.0195312 0.924766
0 0.835938 0.705566 0.0253906 0.0263672 0.924781
0 0.881836 0.471191 0.0234375 0.0224609 0.931387
